0 0.5 0.234375 0.3894230769230769 0.25961538461538464
0 0.39663461538461536 0.5024038461538461 0.3894230769230769 0.2620192307692308
0 0.43149038461538464 0.8449519230769231 0.35096153846153844 0.24519230769230768
0 0.12620192307692307 0.10576923076923077 0.2403846153846154 0.17307692307692307
0 0.0733173076923077 0.31971153846153844 0.13701923076923078 0.2403846153846154
0 0.171875 0.2439903846153846 0.25721153846153844 0.2548076923076923
0 0.8497596153846154 0.10576923076923077 0.27884615384615385 0.21153846153846154
0 0.7956730769230769 0.41225961538461536 0.3317307692307692 0.27884615384615385
0 0.6478365384615384 0.7584134615384616 0.27884615384615385 0.17067307692307693
0 0.8497596153846154 0.8689903846153846 0.27884615384615385 0.21153846153846154
0 0.11177884615384616 0.7596153846153846 0.19230769230769232 0.22596153846153846