0 0.8605769230769231 0.2127403846153846 0.22115384615384615 0.125
0 0.625 0.23317307692307693 0.20192307692307693 0.1201923076923077
0 0.42908653846153844 0.21514423076923078 0.1778846153846154 0.12980769230769232
0 0.36899038461538464 0.2932692307692308 0.23798076923076922 0.1346153846153846
0 0.5360576923076923 0.33052884615384615 0.16826923076923078 0.13942307692307693
0 0.7259615384615384 0.36778846153846156 0.20192307692307693 0.13701923076923078
0 0.21995192307692307 0.12620192307692307 0.15384615384615385 0.11298076923076923
0 0.13341346153846154 0.078125 0.16105769230769232 0.10336538461538461
0 0.16105769230769232 0.19110576923076922 0.1778846153846154 0.10336538461538461
0 0.4074519230769231 0.47475961538461536 0.22115384615384615 0.11057692307692307
0 0.46153846153846156 0.5865384615384616 0.1971153846153846 0.125
0 0.7620192307692307 0.5120192307692307 0.22596153846153846 0.12980769230769232
0 0.9230769230769231 0.5384615384615384 0.14423076923076922 0.11538461538461539
0 0.7704326923076923 0.6201923076923077 0.23076923076923078 0.125
0 0.9230769230769231 0.6634615384615384 0.14423076923076922 0.1201923076923077
0 0.32091346153846156 0.8449519230769231 0.1778846153846154 0.10336538461538461
0 0.4735576923076923 0.8870192307692307 0.16105769230769232 0.10096153846153846