0 0.8485576923076923 0.45552884615384615 0.20673076923076922 0.11538461538461539
0 0.7800480769230769 0.2403846153846154 0.20192307692307693 0.125
0 0.5084134615384616 0.06490384615384616 0.24519230769230768 0.11538461538461539
0 0.625 0.08653846153846154 0.22596153846153846 0.1466346153846154
0 0.5625 0.23677884615384615 0.22115384615384615 0.13942307692307693
0 0.21754807692307693 0.13942307692307693 0.27884615384615385 0.17307692307692307
0 0.38341346153846156 0.2620192307692308 0.23076923076923078 0.16346153846153846
0 0.125 0.3161057692307692 0.22596153846153846 0.1466346153846154
0 0.5504807692307693 0.3713942307692308 0.1971153846153846 0.11538461538461539
0 0.4795673076923077 0.5084134615384616 0.24519230769230768 0.16826923076923078
0 0.23557692307692307 0.40024038461538464 0.23076923076923078 0.18028846153846154
0 0.0889423076923077 0.5012019230769231 0.16826923076923078 0.18990384615384615
0 0.27403846153846156 0.5444711538461539 0.21394230769230768 0.14903846153846154
0 0.3449519230769231 0.6971153846153846 0.2620192307692308 0.16826923076923078
0 0.5745192307692307 0.7944711538461539 0.24519230769230768 0.15144230769230768
0 0.6189903846153846 0.6454326923076923 0.25 0.16826923076923078
0 0.7740384615384616 0.6862980769230769 0.1778846153846154 0.13942307692307693
0 0.9110576923076923 0.7944711538461539 0.16826923076923078 0.14423076923076922
0 0.6514423076923077 0.9170673076923077 0.1971153846153846 0.15384615384615385
0 0.37259615384615385 0.8497596153846154 0.24519230769230768 0.15865384615384615
0 0.11057692307692307 0.8112980769230769 0.18509615384615385 0.16826923076923078
0 0.17548076923076922 0.9278846153846154 0.22115384615384615 0.13701923076923078
0 0.8954326923076923 0.5564903846153846 0.20673076923076922 0.15865384615384615