0 0.3245192307692308 0.23798076923076922 0.30288461538461536 0.4567307692307692
0 0.1045673076923077 0.3737980769230769 0.19951923076923078 0.4182692307692308
0 0.20432692307692307 0.6887019230769231 0.3125 0.43509615384615385
0 0.43149038461538464 0.6201923076923077 0.25 0.40384615384615385
0 0.5336538461538461 0.2668269230769231 0.23076923076923078 0.36538461538461536
0 0.6935096153846154 0.375 0.2668269230769231 0.34134615384615385
0 0.8173076923076923 0.18629807692307693 0.20432692307692307 0.33653846153846156
0 0.8040865384615384 0.5552884615384616 0.20432692307692307 0.3293269230769231
0 0.5889423076923077 0.7379807692307693 0.3076923076923077 0.34615384615384615
0 0.7091346153846154 0.8557692307692307 0.22596153846153846 0.2548076923076923
0 0.9002403846153846 0.2800480769230769 0.19951923076923078 0.3125
0 0.8978365384615384 0.6177884615384616 0.1971153846153846 0.2932692307692308
0 0.8737980769230769 0.8846153846153846 0.17307692307692307 0.22115384615384615