0 0.08173076923076923 0.1466346153846154 0.16346153846153846 0.2932692307692308
0 0.31850961538461536 0.4423076923076923 0.23317307692307693 0.39663461538461536
0 0.12379807692307693 0.8076923076923077 0.2403846153846154 0.33653846153846156
0 0.3293269230769231 0.7860576923076923 0.1971153846153846 0.34134615384615385
0 0.15144230769230768 0.4362980769230769 0.18509615384615385 0.3605769230769231
0 0.5036057692307693 0.31971153846153844 0.16826923076923078 0.27403846153846156
0 0.48677884615384615 0.6526442307692307 0.20192307692307693 0.35336538461538464
0 0.34134615384615385 0.17427884615384615 0.1875 0.2620192307692308
0 0.6862980769230769 0.4387019230769231 0.15384615384615385 0.3293269230769231
0 0.7680288461538461 0.7680288461538461 0.20432692307692307 0.34134615384615385
0 0.9110576923076923 0.4723557692307692 0.17307692307692307 0.2620192307692308