0 0.34615384615384615 0.22596153846153846 0.2644230769230769 0.38461538461538464
0 0.5817307692307693 0.4074519230769231 0.20673076923076922 0.33653846153846156
0 0.7848557692307693 0.28125 0.23076923076923078 0.28365384615384615
0 0.5697115384615384 0.15865384615384615 0.21634615384615385 0.25961538461538464
0 0.15144230769230768 0.11177884615384616 0.19230769230769232 0.20432692307692307
0 0.43028846153846156 0.8485576923076923 0.2403846153846154 0.2932692307692308
0 0.23918269230769232 0.734375 0.23076923076923078 0.32211538461538464
0 0.11177884615384616 0.4098557692307692 0.21634615384615385 0.40384615384615385
0 0.6814903846153846 0.6911057692307693 0.22355769230769232 0.3076923076923077
0 0.4338942307692308 0.5865384615384616 0.20673076923076922 0.21875
0 0.8112980769230769 0.5444711538461539 0.23557692307692307 0.28365384615384615
0 0.8521634615384616 0.8701923076923077 0.21634615384615385 0.2403846153846154