0 0.22115384615384615 0.2403846153846154 0.3125 0.2283653846153846
0 0.5276442307692307 0.46875 0.3557692307692308 0.23557692307692307
0 0.2127403846153846 0.5384615384615384 0.3173076923076923 0.20673076923076922
0 0.27283653846153844 0.7463942307692307 0.35096153846153844 0.22596153846153846
0 0.6334134615384616 0.6995192307692307 0.3605769230769231 0.20192307692307693
0 0.21634615384615385 0.9254807692307693 0.3004807692307692 0.14182692307692307
0 0.5733173076923077 0.8894230769230769 0.3076923076923077 0.16346153846153846
0 0.7163461538461539 0.9242788461538461 0.3076923076923077 0.14423076923076922
0 0.8629807692307693 0.6382211538461539 0.25 0.2403846153846154
0 0.6826923076923077 0.2439903846153846 0.2956730769230769 0.2283653846153846
0 0.453125 0.16346153846153846 0.3173076923076923 0.15384615384615385
0 0.8581730769230769 0.08533653846153846 0.27403846153846156 0.14903846153846154
0 0.8990384615384616 0.2644230769230769 0.19230769230769232 0.1875