0 0.7319711538461539 0.1346153846153846 0.15384615384615385 0.125
0 0.4831730769230769 0.11658653846153846 0.19230769230769232 0.14423076923076922
0 0.25721153846153844 0.22596153846153846 0.21875 0.15865384615384615
0 0.6502403846153846 0.265625 0.16346153846153846 0.125
0 0.49158653846153844 0.38341346153846156 0.21875 0.14182692307692307
0 0.8581730769230769 0.29086538461538464 0.17307692307692307 0.10096153846153846
0 0.7487980769230769 0.41225961538461536 0.16346153846153846 0.10576923076923077
0 0.25721153846153844 0.4831730769230769 0.21875 0.14423076923076922
0 0.6225961538461539 0.5348557692307693 0.17307692307692307 0.11057692307692307
0 0.47596153846153844 0.6454326923076923 0.20673076923076922 0.1346153846153846
0 0.2764423076923077 0.7487980769230769 0.23557692307692307 0.14423076923076922
0 0.44591346153846156 0.9038461538461539 0.19230769230769232 0.15625
0 0.6033653846153846 0.7932692307692307 0.16826923076923078 0.125
0 0.8665865384615384 0.5432692307692307 0.15865384615384615 0.11298076923076923
0 0.7596153846153846 0.6694711538461539 0.1875 0.10336538461538461
0 0.8581730769230769 0.8040865384615384 0.15384615384615385 0.11538461538461539
0 0.7427884615384616 0.9002403846153846 0.17307692307692307 0.10576923076923077