0 0.0733173076923077 0.7704326923076923 0.14182692307692307 0.38461538461538464
0 0.32211538461538464 0.46875 0.14903846153846154 0.3581730769230769
0 0.453125 0.4375 0.1875 0.3581730769230769
0 0.6322115384615384 0.3737980769230769 0.19471153846153846 0.3701923076923077
0 0.44711538461538464 0.7860576923076923 0.15865384615384615 0.34134615384615385
0 0.5961538461538461 0.7668269230769231 0.19230769230769232 0.41346153846153844
0 0.7463942307692307 0.8641826923076923 0.17307692307692307 0.25961538461538464
0 0.78125 0.5913461538461539 0.1778846153846154 0.35096153846153844
0 0.8894230769230769 0.6322115384615384 0.16826923076923078 0.3317307692307692
0 0.46274038461538464 0.20072115384615385 0.18269230769230768 0.28846153846153844
0 0.6442307692307693 0.08774038461538461 0.18269230769230768 0.15144230769230768