0 0.08052884615384616 0.4519230769230769 0.1201923076923077 0.18990384615384615
0 0.078125 0.6574519230769231 0.11057692307692307 0.18509615384615385
0 0.2091346153846154 0.4050480769230769 0.14423076923076922 0.21394230769230768
0 0.21033653846153846 0.5649038461538461 0.13942307692307693 0.2620192307692308
0 0.3329326923076923 0.6790865384615384 0.14423076923076922 0.25
0 0.37259615384615385 0.24759615384615385 0.12980769230769232 0.17307692307692307
0 0.5228365384615384 0.39903846153846156 0.13701923076923078 0.27403846153846156
0 0.5048076923076923 0.6189903846153846 0.16826923076923078 0.23798076923076922
0 0.5697115384615384 0.7199519230769231 0.125 0.23798076923076922
0 0.6742788461538461 0.23197115384615385 0.11057692307692307 0.14423076923076922
0 0.6586538461538461 0.4014423076923077 0.16105769230769232 0.22115384615384615
0 0.6766826923076923 0.6225961538461539 0.13701923076923078 0.22115384615384615
0 0.7788461538461539 0.48197115384615385 0.1466346153846154 0.21394230769230768
0 0.7776442307692307 0.6850961538461539 0.14903846153846154 0.25
0 0.9146634615384616 0.19951923076923078 0.13701923076923078 0.22115384615384615
0 0.9230769230769231 0.37740384615384615 0.12740384615384615 0.18509615384615385
0 0.9266826923076923 0.5949519230769231 0.1346153846153846 0.20192307692307693