0 0.34375 0.31490384615384615 0.22596153846153846 0.40865384615384615
0 0.40865384615384615 0.796875 0.2764423076923077 0.3942307692307692
0 0.12379807692307693 0.8088942307692307 0.2403846153846154 0.3317307692307692
0 0.07932692307692307 0.34615384615384615 0.15144230769230768 0.4326923076923077
0 0.18629807692307693 0.27163461538461536 0.14903846153846154 0.28365384615384615
0 0.6478365384615384 0.8209134615384616 0.22115384615384615 0.3317307692307692
0 0.7391826923076923 0.6021634615384616 0.25 0.35096153846153844
0 0.8762019230769231 0.8545673076923077 0.2283653846153846 0.27884615384615385
0 0.6141826923076923 0.265625 0.23798076923076922 0.3581730769230769
0 0.8653846153846154 0.15384615384615385 0.25721153846153844 0.2980769230769231
0 0.9254807692307693 0.3173076923076923 0.14182692307692307 0.3389423076923077