0 0.1346153846153846 0.26802884615384615 0.125 0.15384615384615385
0 0.11658653846153846 0.5168269230769231 0.14423076923076922 0.19230769230769232
0 0.22596153846153846 0.7427884615384616 0.15865384615384615 0.21875
0 0.265625 0.34975961538461536 0.125 0.16346153846153846
0 0.38341346153846156 0.5084134615384616 0.14182692307692307 0.21875
0 0.29086538461538464 0.14182692307692307 0.10096153846153846 0.17307692307692307
0 0.41225961538461536 0.2512019230769231 0.10576923076923077 0.16346153846153846
0 0.4831730769230769 0.7427884615384616 0.14423076923076922 0.21875
0 0.5348557692307693 0.37740384615384615 0.11057692307692307 0.17307692307692307
0 0.6454326923076923 0.5240384615384616 0.1346153846153846 0.20673076923076922
0 0.7487980769230769 0.7235576923076923 0.14423076923076922 0.23557692307692307
0 0.9038461538461539 0.5540865384615384 0.15625 0.19230769230769232
0 0.7932692307692307 0.39663461538461536 0.125 0.16826923076923078
0 0.5432692307692307 0.13341346153846154 0.11298076923076923 0.15865384615384615
0 0.6694711538461539 0.2403846153846154 0.10096153846153846 0.1875
0 0.8040865384615384 0.14182692307692307 0.11538461538461539 0.15384615384615385
0 0.9002403846153846 0.25721153846153844 0.10576923076923077 0.17307692307692307