0 0.4519230769230769 0.9194711538461539 0.18990384615384615 0.1201923076923077
0 0.6574519230769231 0.921875 0.18509615384615385 0.11057692307692307
0 0.4050480769230769 0.7908653846153846 0.21394230769230768 0.14423076923076922
0 0.5649038461538461 0.7896634615384616 0.2620192307692308 0.13942307692307693
0 0.6790865384615384 0.6670673076923077 0.25 0.14423076923076922
0 0.24759615384615385 0.6274038461538461 0.17307692307692307 0.13221153846153846
0 0.39903846153846156 0.47716346153846156 0.27403846153846156 0.13701923076923078
0 0.6189903846153846 0.4951923076923077 0.23798076923076922 0.16826923076923078
0 0.7199519230769231 0.43028846153846156 0.23798076923076922 0.125
0 0.23197115384615385 0.32572115384615385 0.14423076923076922 0.11057692307692307
0 0.4014423076923077 0.34134615384615385 0.22115384615384615 0.16105769230769232
0 0.6225961538461539 0.3233173076923077 0.22115384615384615 0.13701923076923078
0 0.48197115384615385 0.22115384615384615 0.21394230769230768 0.1466346153846154
0 0.6850961538461539 0.22235576923076922 0.25 0.14903846153846154
0 0.19951923076923078 0.08533653846153846 0.22115384615384615 0.13701923076923078
0 0.37740384615384615 0.07692307692307693 0.18509615384615385 0.12740384615384615
0 0.5949519230769231 0.0733173076923077 0.20192307692307693 0.1346153846153846