0 0.8533653846153846 0.08173076923076923 0.2932692307692308 0.16346153846153846
0 0.5576923076923077 0.31850961538461536 0.39663461538461536 0.23317307692307693
0 0.19230769230769232 0.12379807692307693 0.33653846153846156 0.2403846153846154
0 0.21394230769230768 0.3293269230769231 0.34134615384615385 0.1971153846153846
0 0.5637019230769231 0.15144230769230768 0.3605769230769231 0.18509615384615385
0 0.6802884615384616 0.5036057692307693 0.27403846153846156 0.16826923076923078
0 0.3473557692307692 0.48677884615384615 0.35336538461538464 0.20192307692307693
0 0.8257211538461539 0.34134615384615385 0.2620192307692308 0.1875
0 0.5612980769230769 0.6862980769230769 0.3293269230769231 0.15384615384615385
0 0.23197115384615385 0.7680288461538461 0.34134615384615385 0.20432692307692307
0 0.5276442307692307 0.9110576923076923 0.2620192307692308 0.17307692307692307