0 0.5 0.3786057692307692 0.15384615384615385 0.09134615384615384
0 0.4014423076923077 0.43028846153846156 0.1466346153846154 0.09615384615384616
0 0.29927884615384615 0.4651442307692308 0.16826923076923078 0.10096153846153846
0 0.265625 0.5612980769230769 0.1466346153846154 0.1201923076923077
0 0.3954326923076923 0.5492788461538461 0.1346153846153846 0.10817307692307693
0 0.49158653846153844 0.5072115384615384 0.1466346153846154 0.11538461538461539
0 0.5144230769230769 0.5913461538461539 0.1346153846153846 0.08653846153846154
0 0.47115384615384615 0.6766826923076923 0.16346153846153846 0.11057692307692307
0 0.28846153846153844 0.7608173076923077 0.19230769230769232 0.12740384615384615
0 0.33052884615384615 0.8461538461538461 0.17548076923076922 0.08413461538461539
0 0.3016826923076923 0.6454326923076923 0.1875 0.10576923076923077
0 0.6358173076923077 0.5084134615384616 0.14182692307692307 0.11057692307692307