0 0.5649038461538461 0.7884615384615384 0.15865384615384615 0.21634615384615385
0 0.49759615384615385 0.8978365384615384 0.15144230769230768 0.16826923076923078
0 0.4375 0.7692307692307693 0.08413461538461539 0.1346153846153846
0 0.625 0.9350961538461539 0.15384615384615385 0.12980769230769232
0 0.5865384615384616 0.5360576923076923 0.16826923076923078 0.18269230769230768
0 0.6730769230769231 0.36658653846153844 0.13942307692307693 0.22596153846153846
0 0.6490384615384616 0.15504807692307693 0.1875 0.23076923076923078
0 0.5444711538461539 0.2980769230769231 0.1201923076923077 0.1346153846153846
0 0.4338942307692308 0.42427884615384615 0.12980769230769232 0.13942307692307693
0 0.453125 0.3016826923076923 0.0889423076923077 0.10576923076923077
0 0.46033653846153844 0.1778846153846154 0.11057692307692307 0.14182692307692307
0 0.37740384615384615 0.21514423076923078 0.0625 0.10096153846153846
0 0.4338942307692308 0.0625 0.09375 0.09615384615384616