0 0.09134615384615384 0.5793269230769231 0.15144230769230768 0.2644230769230769
0 0.13581730769230768 0.7764423076923077 0.18028846153846154 0.22596153846153846
0 0.07692307692307693 0.9170673076923077 0.1346153846153846 0.15384615384615385
0 0.2091346153846154 0.8894230769230769 0.12980769230769232 0.1971153846153846
0 0.32572115384615385 0.6995192307692307 0.17307692307692307 0.2692307692307692
0 0.34975961538461536 0.9050480769230769 0.1778846153846154 0.1778846153846154
0 0.23677884615384615 0.5709134615384616 0.15144230769230768 0.28365384615384615
0 0.3762019230769231 0.39903846153846156 0.17067307692307693 0.2692307692307692
0 0.22235576923076922 0.1935096153846154 0.14182692307692307 0.2644230769230769
0 0.5048076923076923 0.2704326923076923 0.16346153846153846 0.25721153846153844
0 0.6694711538461539 0.36778846153846156 0.2091346153846154 0.34375
0 0.4987980769230769 0.5853365384615384 0.18990384615384615 0.28846153846153844
0 0.5300480769230769 0.8377403846153846 0.1971153846153846 0.2764423076923077
0 0.7127403846153846 0.8064903846153846 0.18028846153846154 0.28846153846153844
0 0.8810096153846154 0.8040865384615384 0.18028846153846154 0.3557692307692308
0 0.8341346153846154 0.5180288461538461 0.1778846153846154 0.3269230769230769
0 0.7680288461538461 0.19591346153846154 0.15384615384615385 0.25721153846153844
0 0.90625 0.19591346153846154 0.15384615384615385 0.28365384615384615