0 0.7836538461538461 0.1141826923076923 0.125 0.0985576923076923
0 0.3858173076923077 0.04567307692307692 0.14903846153846154 0.09134615384615384
0 0.9014423076923077 0.19471153846153846 0.15384615384615385 0.0985576923076923
0 0.9483173076923077 0.10697115384615384 0.10336538461538461 0.07692307692307693
0 0.5 0.27283653846153844 0.14903846153846154 0.08653846153846154
0 0.6370192307692307 0.5060096153846154 0.14903846153846154 0.12980769230769232
0 0.6502403846153846 0.6237980769230769 0.17307692307692307 0.14182692307692307
0 0.3629807692307692 0.6526442307692307 0.15865384615384615 0.10576923076923077
0 0.6610576923076923 0.8689903846153846 0.14182692307692307 0.10336538461538461
0 0.5300480769230769 0.9230769230769231 0.17307692307692307 0.10096153846153846
0 0.2403846153846154 0.8762019230769231 0.15384615384615385 0.125
0 0.10096153846153846 0.8581730769230769 0.13701923076923078 0.125
0 0.18629807692307693 0.7475961538461539 0.16346153846153846 0.14903846153846154