0 0.07692307692307693 0.484375 0.12259615384615384 0.16346153846153846
0 0.17908653846153846 0.4411057692307692 0.09615384615384616 0.14903846153846154
0 0.1658653846153846 0.6009615384615384 0.1466346153846154 0.14903846153846154
0 0.07692307692307693 0.7139423076923077 0.1466346153846154 0.19230769230769232
0 0.21394230769230768 0.7884615384615384 0.1658653846153846 0.20673076923076922
0 0.3713942307692308 0.8269230769230769 0.18028846153846154 0.24278846153846154
0 0.3389423076923077 0.48197115384615385 0.18509615384615385 0.19230769230769232
0 0.4483173076923077 0.3173076923076923 0.21153846153846154 0.22115384615384615
0 0.6322115384615384 0.44350961538461536 0.20432692307692307 0.21634615384615385
0 0.6286057692307693 0.26802884615384615 0.1658653846153846 0.16346153846153846
0 0.4483173076923077 0.19591346153846154 0.14182692307692307 0.16346153846153846
0 0.5637019230769231 0.7884615384615384 0.18028846153846154 0.15384615384615385
0 0.46875 0.9278846153846154 0.21634615384615385 0.125
0 0.7956730769230769 0.6153846153846154 0.16826923076923078 0.18028846153846154
0 0.7403846153846154 0.78125 0.20432692307692307 0.20192307692307693
0 0.6826923076923077 0.9146634615384616 0.17307692307692307 0.12980769230769232
0 0.9302884615384616 0.6346153846153846 0.12980769230769232 0.23557692307692307
0 0.9206730769230769 0.8221153846153846 0.14903846153846154 0.17067307692307693