0 0.19230769230769232 0.7403846153846154 0.3701923076923077 0.16105769230769232
0 0.3485576923076923 0.953125 0.4423076923076923 0.09375
0 0.5408653846153846 0.8076923076923077 0.40625 0.16346153846153846
0 0.6129807692307693 0.640625 0.42788461538461536 0.14423076923076922
0 0.8497596153846154 0.8088942307692307 0.2860576923076923 0.1201923076923077
0 0.5901442307692307 0.36177884615384615 0.35336538461538464 0.17067307692307693
0 0.7632211538461539 0.5048076923076923 0.4423076923076923 0.1778846153846154
0 0.27403846153846156 0.6021634615384616 0.3701923076923077 0.15384615384615385
0 0.3641826923076923 0.49158653846153844 0.38461538461538464 0.125
0 0.25600961538461536 0.38822115384615385 0.3317307692307692 0.1346153846153846
0 0.16105769230769232 0.2608173076923077 0.3076923076923077 0.17307692307692307
0 0.5408653846153846 0.19951923076923078 0.3894230769230769 0.15384615384615385
0 0.8389423076923077 0.21033653846153846 0.27884615384615385 0.16346153846153846
0 0.34615384615384615 0.05048076923076923 0.46634615384615385 0.09615384615384616
0 0.7175480769230769 0.08173076923076923 0.41346153846153844 0.12980769230769232