0 0.5793269230769231 0.9086538461538461 0.2644230769230769 0.15144230769230768
0 0.7764423076923077 0.8641826923076923 0.22596153846153846 0.18028846153846154
0 0.9170673076923077 0.9230769230769231 0.15384615384615385 0.13701923076923078
0 0.8894230769230769 0.7908653846153846 0.1971153846153846 0.12980769230769232
0 0.6995192307692307 0.6742788461538461 0.2692307692307692 0.17307692307692307
0 0.9050480769230769 0.6502403846153846 0.1778846153846154 0.1778846153846154
0 0.5709134615384616 0.7632211538461539 0.28365384615384615 0.15144230769230768
0 0.39903846153846156 0.6237980769230769 0.2692307692307692 0.17067307692307693
0 0.1935096153846154 0.7776442307692307 0.2644230769230769 0.14182692307692307
0 0.2704326923076923 0.4951923076923077 0.25721153846153844 0.16346153846153846
0 0.36778846153846156 0.33052884615384615 0.34375 0.2091346153846154
0 0.5853365384615384 0.5012019230769231 0.28846153846153844 0.18990384615384615
0 0.8377403846153846 0.4699519230769231 0.2764423076923077 0.1971153846153846
0 0.8064903846153846 0.28725961538461536 0.28846153846153844 0.18028846153846154
0 0.8040865384615384 0.11899038461538461 0.3557692307692308 0.18028846153846154
0 0.5180288461538461 0.1658653846153846 0.3269230769230769 0.1778846153846154
0 0.19591346153846154 0.23197115384615385 0.25721153846153844 0.15384615384615385
0 0.19591346153846154 0.09375 0.28365384615384615 0.15384615384615385