0 0.7872596153846154 0.10576923076923077 0.3245192307692308 0.21153846153846154
0 0.7391826923076923 0.35336538461538464 0.27403846153846156 0.23557692307692307
0 0.4951923076923077 0.1658653846153846 0.27884615384615385 0.2620192307692308
0 0.3473557692307692 0.34615384615384615 0.2932692307692308 0.22115384615384615
0 0.5829326923076923 0.47716346153846156 0.25721153846153844 0.2283653846153846
0 0.8581730769230769 0.6466346153846154 0.2644230769230769 0.25240384615384615
0 0.22956730769230768 0.07692307692307693 0.24278846153846154 0.15384615384615385
0 0.0829326923076923 0.1875 0.14423076923076922 0.1875
0 0.22956730769230768 0.5504807692307693 0.27403846153846156 0.20432692307692307
0 0.45072115384615385 0.7175480769230769 0.22115384615384615 0.15384615384615385
0 0.5769230769230769 0.8353365384615384 0.20673076923076922 0.1346153846153846
0 0.21153846153846154 0.828125 0.24759615384615385 0.17307692307692307
0 0.3449519230769231 0.8629807692307693 0.21634615384615385 0.1658653846153846
0 0.8449519230769231 0.8798076923076923 0.22596153846153846 0.15384615384615385