0 0.28966346153846156 0.24639423076923078 0.15384615384615385 0.10096153846153846
0 0.24158653846153846 0.3485576923076923 0.16105769230769232 0.10336538461538461
0 0.35336538461538464 0.4014423076923077 0.13221153846153846 0.10576923076923077
0 0.390625 0.2932692307692308 0.14903846153846154 0.10336538461538461
0 0.5348557692307693 0.296875 0.14903846153846154 0.09134615384615384
0 0.46033653846153844 0.3894230769230769 0.10336538461538461 0.11057692307692307
0 0.5396634615384616 0.484375 0.11538461538461539 0.11538461538461539
0 0.46033653846153844 0.4987980769230769 0.125 0.09134615384615384
0 0.35336538461538464 0.5228365384615384 0.11057692307692307 0.10576923076923077
0 0.20673076923076922 0.5444711538461539 0.17307692307692307 0.10336538461538461
0 0.5204326923076923 0.5865384615384616 0.09615384615384616 0.08173076923076923
0 0.41346153846153844 0.6033653846153846 0.09134615384615384 0.11057692307692307
0 0.27884615384615385 0.6117788461538461 0.15384615384615385 0.11538461538461539