0 0.6394230769230769 0.17548076923076922 0.2980769230769231 0.23557692307692307
0 0.23677884615384615 0.20432692307692307 0.3798076923076923 0.2860576923076923
0 0.6262019230769231 0.46274038461538464 0.31490384615384615 0.2403846153846154
0 0.7680288461538461 0.32572115384615385 0.27884615384615385 0.24278846153846154
0 0.8966346153846154 0.14903846153846154 0.20673076923076922 0.2283653846153846
0 0.8425480769230769 0.6153846153846154 0.30288461538461536 0.2668269230769231
0 0.2932692307692308 0.484375 0.34134615384615385 0.25961538461538464
0 0.28846153846153844 0.7680288461538461 0.34134615384615385 0.27884615384615385
0 0.6262019230769231 0.7956730769230769 0.33653846153846156 0.2692307692307692
0 0.46634615384615385 0.6502403846153846 0.25240384615384615 0.22115384615384615
0 0.47115384615384615 0.32211538461538464 0.23076923076923078 0.18269230769230768