0 0.4567307692307692 0.5733173076923077 0.13942307692307693 0.11057692307692307
0 0.45072115384615385 0.47115384615384615 0.14903846153846154 0.08653846153846154
0 0.48197115384615385 0.3918269230769231 0.1201923076923077 0.0889423076923077
0 0.8088942307692307 0.328125 0.16346153846153846 0.13942307692307693
0 0.7788461538461539 0.22235576923076922 0.15384615384615385 0.1201923076923077
0 0.9122596153846154 0.17548076923076922 0.1346153846153846 0.12740384615384615
0 0.14182692307692307 0.3088942307692308 0.13942307692307693 0.10096153846153846
0 0.22716346153846154 0.2620192307692308 0.14423076923076922 0.10096153846153846
0 0.4206730769230769 0.14302884615384615 0.14903846153846154 0.12980769230769232
0 0.2247596153846154 0.6742788461538461 0.13942307692307693 0.10576923076923077
0 0.10817307692307693 0.5733173076923077 0.11298076923076923 0.10576923076923077