0 0.12259615384615384 0.8425480769230769 0.24519230769230768 0.16826923076923078
0 0.16346153846153846 0.6454326923076923 0.25 0.17548076923076922
0 0.16826923076923078 0.4651442307692308 0.2283653846153846 0.12740384615384615
0 0.15745192307692307 0.28846153846153844 0.25 0.13942307692307693
0 0.17067307692307693 0.11538461538461539 0.20192307692307693 0.14903846153846154
0 0.48677884615384615 0.890625 0.2548076923076923 0.14423076923076922
0 0.4807692307692308 0.6899038461538461 0.2548076923076923 0.16826923076923078
0 0.4807692307692308 0.4855769230769231 0.24519230769230768 0.16105769230769232
0 0.4723557692307692 0.2848557692307692 0.2932692307692308 0.17548076923076922
0 0.5060096153846154 0.09615384615384616 0.2283653846153846 0.15865384615384615
0 0.8209134615384616 0.8521634615384616 0.2403846153846154 0.1658653846153846
0 0.8473557692307693 0.6622596153846154 0.1971153846153846 0.1346153846153846
0 0.8257211538461539 0.4831730769230769 0.2283653846153846 0.14903846153846154
0 0.8473557692307693 0.28846153846153844 0.18509615384615385 0.13942307692307693
0 0.8341346153846154 0.10096153846153846 0.21153846153846154 0.14182692307692307