0 0.6370192307692307 0.7451923076923077 0.07692307692307693 0.1201923076923077
0 0.6009615384615384 0.6081730769230769 0.10576923076923077 0.14423076923076922
0 0.6971153846153846 0.6550480769230769 0.09615384615384616 0.14423076923076922
0 0.6346153846153846 0.42788461538461536 0.10576923076923077 0.15384615384615385
0 0.4423076923076923 0.7524038461538461 0.11057692307692307 0.14423076923076922
0 0.34615384615384615 0.6442307692307693 0.10576923076923077 0.15384615384615385
0 0.4338942307692308 0.43028846153846156 0.11057692307692307 0.15865384615384615
0 0.2860576923076923 0.4098557692307692 0.11538461538461539 0.17067307692307693
0 0.38221153846153844 0.31490384615384615 0.12980769230769232 0.17548076923076922
0 0.5961538461538461 0.16706730769230768 0.11057692307692307 0.13942307692307693
0 0.08653846153846154 0.6490384615384616 0.09615384615384616 0.14423076923076922