0 0.28725961538461536 0.75 0.15865384615384615 0.06490384615384616
0 0.4098557692307692 0.6730769230769231 0.23076923076923078 0.09134615384615384
0 0.4639423076923077 0.609375 0.2644230769230769 0.11298076923076923
0 0.6694711538461539 0.6875 0.23076923076923078 0.11057692307692307
0 0.8665865384615384 0.6358173076923077 0.18028846153846154 0.07692307692307693
0 0.6009615384615384 0.47836538461538464 0.2644230769230769 0.10576923076923077
0 0.6442307692307693 0.38221153846153844 0.2932692307692308 0.10096153846153846
0 0.37740384615384615 0.35336538461538464 0.2644230769230769 0.11057692307692307
0 0.3701923076923077 0.49158653846153844 0.25 0.11538461538461539
0 0.14783653846153846 0.45552884615384615 0.18028846153846154 0.10576923076923077
1 0.8341346153846154 0.5348557692307693 0.3173076923076923 0.1201923076923077
1 0.15865384615384615 0.6670673076923077 0.21634615384615385 0.09615384615384616