0 0.15985576923076922 0.234375 0.1875 0.2403846153846154
0 0.19831730769230768 0.42908653846153844 0.17067307692307693 0.2692307692307692
0 0.18509615384615385 0.5877403846153846 0.17307692307692307 0.20192307692307693
0 0.1622596153846154 0.8197115384615384 0.17067307692307693 0.25
0 0.3858173076923077 0.47836538461538464 0.18269230769230768 0.2692307692307692
0 0.3798076923076923 0.7728365384615384 0.18509615384615385 0.24519230769230768
0 0.5576923076923077 0.5985576923076923 0.23076923076923078 0.27884615384615385
0 0.5576923076923077 0.24278846153846154 0.20673076923076922 0.32211538461538464
0 0.49399038461538464 0.18028846153846154 0.18269230769230768 0.25
0 0.7560096153846154 0.46153846153846156 0.21153846153846154 0.3004807692307692
0 0.9002403846153846 0.4891826923076923 0.15625 0.32211538461538464
0 0.703125 0.890625 0.18509615384615385 0.17307692307692307
0 0.875 0.7920673076923077 0.19230769230769232 0.25