0 0.4110576923076923 0.8918269230769231 0.24519230769230768 0.21634615384615385
0 0.8377403846153846 0.8653846153846154 0.3125 0.22355769230769232
0 0.5817307692307693 0.7307692307692307 0.33653846153846156 0.27403846153846156
0 0.8293269230769231 0.5649038461538461 0.31971153846153844 0.3173076923076923
0 0.5528846153846154 0.3858173076923077 0.34134615384615385 0.3173076923076923
0 0.8137019230769231 0.22716346153846154 0.31971153846153844 0.3173076923076923
0 0.3329326923076923 0.5865384615384616 0.34134615384615385 0.3557692307692308
0 0.1466346153846154 0.671875 0.2620192307692308 0.2764423076923077
0 0.14182692307692307 0.8978365384615384 0.2620192307692308 0.1971153846153846
0 0.14182692307692307 0.3858173076923077 0.2620192307692308 0.24278846153846154
0 0.33533653846153844 0.2536057692307692 0.2620192307692308 0.2644230769230769
0 0.5528846153846154 0.125 0.27884615384615385 0.23557692307692307