0 0.6754807692307693 0.7620192307692307 0.30288461538461536 0.4567307692307692
0 0.8954326923076923 0.6262019230769231 0.19951923076923078 0.4182692307692308
0 0.7956730769230769 0.3112980769230769 0.3125 0.43509615384615385
0 0.5685096153846154 0.3798076923076923 0.25 0.40384615384615385
0 0.46634615384615385 0.7331730769230769 0.23076923076923078 0.36538461538461536
0 0.30649038461538464 0.625 0.2668269230769231 0.34134615384615385
0 0.18269230769230768 0.8137019230769231 0.20432692307692307 0.33653846153846156
0 0.19591346153846154 0.44471153846153844 0.20432692307692307 0.3293269230769231
0 0.4110576923076923 0.2620192307692308 0.3076923076923077 0.34615384615384615
0 0.29086538461538464 0.14423076923076922 0.22596153846153846 0.2548076923076923
0 0.09975961538461539 0.7199519230769231 0.19951923076923078 0.3125
0 0.10216346153846154 0.38221153846153844 0.1971153846153846 0.2932692307692308
0 0.12620192307692307 0.11538461538461539 0.17307692307692307 0.22115384615384615