0 0.2548076923076923 0.6370192307692307 0.1201923076923077 0.07692307692307693
0 0.3918269230769231 0.6009615384615384 0.14423076923076922 0.10576923076923077
0 0.3449519230769231 0.6971153846153846 0.14423076923076922 0.09615384615384616
0 0.5721153846153846 0.6346153846153846 0.15384615384615385 0.10576923076923077
0 0.24759615384615385 0.4423076923076923 0.14423076923076922 0.11057692307692307
0 0.3557692307692308 0.34615384615384615 0.15384615384615385 0.10576923076923077
0 0.5697115384615384 0.4338942307692308 0.15865384615384615 0.11057692307692307
0 0.5901442307692307 0.2860576923076923 0.17067307692307693 0.11538461538461539
0 0.6850961538461539 0.38221153846153844 0.17548076923076922 0.12980769230769232
0 0.8329326923076923 0.5961538461538461 0.13942307692307693 0.11057692307692307
0 0.35096153846153844 0.08653846153846154 0.14423076923076922 0.09615384615384616