0 0.7127403846153846 0.25 0.15865384615384615 0.0625
0 0.5901442307692307 0.3269230769230769 0.23076923076923078 0.09134615384615384
0 0.5360576923076923 0.390625 0.2644230769230769 0.11298076923076923
0 0.33052884615384615 0.3125 0.23076923076923078 0.11057692307692307
0 0.13341346153846154 0.3641826923076923 0.18028846153846154 0.07692307692307693
0 0.39903846153846156 0.5216346153846154 0.2644230769230769 0.10576923076923077
0 0.3557692307692308 0.6177884615384616 0.2932692307692308 0.10096153846153846
0 0.6225961538461539 0.6466346153846154 0.2644230769230769 0.11057692307692307
0 0.6298076923076923 0.5084134615384616 0.25 0.11538461538461539
0 0.8521634615384616 0.5444711538461539 0.18028846153846154 0.10576923076923077
1 0.1658653846153846 0.4651442307692308 0.3173076923076923 0.1201923076923077
1 0.8413461538461539 0.3329326923076923 0.21634615384615385 0.09615384615384616