0 0.5360576923076923 0.09615384615384616 0.1346153846153846 0.15384615384615385
0 0.546875 0.2620192307692308 0.17548076923076922 0.16826923076923078
0 0.3786057692307692 0.35096153846153844 0.20192307692307693 0.19230769230769232
0 0.2704326923076923 0.24158653846153846 0.20192307692307693 0.22115384615384615
0 0.08774038461538461 0.14302884615384615 0.16346153846153846 0.2548076923076923
0 0.265625 0.06129807692307692 0.2644230769230769 0.10817307692307693
0 0.5649038461538461 0.5901442307692307 0.23076923076923078 0.16346153846153846
0 0.4483173076923077 0.7139423076923077 0.24759615384615385 0.21634615384615385
0 0.5769230769230769 0.7704326923076923 0.1346153846153846 0.1658653846153846
0 0.6550480769230769 0.8028846153846154 0.1346153846153846 0.1466346153846154
0 0.44350961538461536 0.8822115384615384 0.22596153846153846 0.18269230769230768
0 0.5853365384615384 0.9146634615384616 0.13942307692307693 0.1466346153846154