0 0.0889423076923077 0.08413461538461539 0.11057692307692307 0.16826923076923078
0 0.09975961538461539 0.2920673076923077 0.14423076923076922 0.1778846153846154
0 0.10817307692307693 0.45913461538461536 0.1346153846153846 0.19230769230769232
0 0.22956730769230768 0.609375 0.12980769230769232 0.1778846153846154
0 0.056490384615384616 0.7944711538461539 0.10096153846153846 0.19230769230769232
0 0.18629807692307693 0.8125 0.1346153846153846 0.1778846153846154
0 0.38341346153846156 0.8377403846153846 0.13701923076923078 0.17307692307692307
0 0.5552884615384616 0.6730769230769231 0.14423076923076922 0.21394230769230768
0 0.6622596153846154 0.38461538461538464 0.125 0.22596153846153846
0 0.44350961538461536 0.5084134615384616 0.14903846153846154 0.20673076923076922
0 0.3858173076923077 0.3293269230769231 0.1346153846153846 0.20673076923076922
0 0.2548076923076923 0.2860576923076923 0.1201923076923077 0.19230769230769232
0 0.6971153846153846 0.6418269230769231 0.13942307692307693 0.22115384615384615
0 0.8509615384615384 0.5408653846153846 0.125 0.21394230769230768
0 0.6490384615384616 0.8701923076923077 0.1346153846153846 0.19230769230769232
0 0.8016826923076923 0.35216346153846156 0.14423076923076922 0.20673076923076922
0 0.8377403846153846 0.16706730769230768 0.11298076923076923 0.20673076923076922
0 0.5817307692307693 0.21153846153846154 0.14903846153846154 0.27163461538461536
0 0.46274038461538464 0.15264423076923078 0.12980769230769232 0.21394230769230768