0 0.15144230769230768 0.5444711538461539 0.20673076923076922 0.11538461538461539
0 0.21995192307692307 0.7596153846153846 0.20192307692307693 0.12740384615384615
0 0.49158653846153844 0.9350961538461539 0.24519230769230768 0.11538461538461539
0 0.375 0.9134615384615384 0.22596153846153846 0.1466346153846154
0 0.4375 0.7632211538461539 0.22115384615384615 0.13942307692307693
0 0.7824519230769231 0.8605769230769231 0.27884615384615385 0.17307692307692307
0 0.6165865384615384 0.7379807692307693 0.23076923076923078 0.16346153846153846
0 0.875 0.6838942307692307 0.22596153846153846 0.1466346153846154
0 0.4495192307692308 0.6286057692307693 0.1971153846153846 0.11538461538461539
0 0.5204326923076923 0.49158653846153844 0.24519230769230768 0.16826923076923078
0 0.7644230769230769 0.5997596153846154 0.23076923076923078 0.18028846153846154
0 0.9110576923076923 0.4987980769230769 0.16826923076923078 0.18990384615384615
0 0.7259615384615384 0.45552884615384615 0.21394230769230768 0.14903846153846154
0 0.6550480769230769 0.30288461538461536 0.2620192307692308 0.16826923076923078
0 0.4254807692307692 0.20552884615384615 0.24519230769230768 0.14903846153846154
0 0.38100961538461536 0.3545673076923077 0.25 0.16826923076923078
0 0.22596153846153846 0.3137019230769231 0.1778846153846154 0.13942307692307693
0 0.0889423076923077 0.20552884615384615 0.16826923076923078 0.14423076923076922
0 0.3485576923076923 0.0829326923076923 0.1971153846153846 0.15384615384615385
0 0.6274038461538461 0.1502403846153846 0.24519230769230768 0.15865384615384615
0 0.8894230769230769 0.18870192307692307 0.18509615384615385 0.16826923076923078
0 0.8245192307692307 0.07211538461538461 0.22115384615384615 0.13701923076923078
0 0.1045673076923077 0.44350961538461536 0.20673076923076922 0.15865384615384615