0 0.21634615384615385 0.8858173076923077 0.125 0.0985576923076923
0 0.6141826923076923 0.9543269230769231 0.14903846153846154 0.09134615384615384
0 0.0985576923076923 0.8052884615384616 0.15384615384615385 0.0985576923076923
0 0.051682692307692304 0.8930288461538461 0.10336538461538461 0.07692307692307693
0 0.5 0.7271634615384616 0.14903846153846154 0.08653846153846154
0 0.3629807692307692 0.49399038461538464 0.14903846153846154 0.12980769230769232
0 0.34975961538461536 0.3762019230769231 0.17307692307692307 0.14182692307692307
0 0.6370192307692307 0.3473557692307692 0.15865384615384615 0.10576923076923077
0 0.3389423076923077 0.1310096153846154 0.14182692307692307 0.10096153846153846
0 0.4699519230769231 0.07692307692307693 0.17307692307692307 0.10096153846153846
0 0.7596153846153846 0.12379807692307693 0.15384615384615385 0.125
0 0.8990384615384616 0.14182692307692307 0.13701923076923078 0.125
0 0.8137019230769231 0.25240384615384615 0.16346153846153846 0.14903846153846154