0 0.7103365384615384 0.7536057692307693 0.15384615384615385 0.10096153846153846
0 0.7584134615384616 0.6514423076923077 0.16105769230769232 0.10336538461538461
0 0.6466346153846154 0.5985576923076923 0.13221153846153846 0.10576923076923077
0 0.609375 0.7067307692307693 0.14903846153846154 0.10336538461538461
0 0.4651442307692308 0.703125 0.14903846153846154 0.09134615384615384
0 0.5396634615384616 0.6105769230769231 0.10336538461538461 0.11057692307692307
0 0.46033653846153844 0.515625 0.11538461538461539 0.11538461538461539
0 0.5396634615384616 0.5012019230769231 0.125 0.09134615384615384
0 0.6466346153846154 0.47716346153846156 0.11057692307692307 0.10576923076923077
0 0.7932692307692307 0.45552884615384615 0.17307692307692307 0.10336538461538461
0 0.4795673076923077 0.41346153846153844 0.09615384615384616 0.08173076923076923
0 0.5865384615384616 0.39663461538461536 0.09134615384615384 0.11057692307692307
0 0.7211538461538461 0.38822115384615385 0.15384615384615385 0.11538461538461539