0 0.26802884615384615 0.20552884615384615 0.2620192307692308 0.20673076923076922
0 0.2704326923076923 0.4182692307692308 0.18028846153846154 0.20192307692307693
0 0.12259615384615384 0.6141826923076923 0.23557692307692307 0.21153846153846154
0 0.2127403846153846 0.7331730769230769 0.2403846153846154 0.19951923076923078
0 0.3137019230769231 0.8605769230769231 0.23557692307692307 0.20673076923076922
0 0.3557692307692308 0.4855769230769231 0.1875 0.17067307692307693
0 0.5300480769230769 0.2980769230769231 0.14182692307692307 0.13942307692307693
0 0.6670673076923077 0.5889423076923077 0.23076923076923078 0.15384615384615385
0 0.48677884615384615 0.5877403846153846 0.17307692307692307 0.19230769230769232
0 0.4639423076923077 0.9194711538461539 0.16346153846153846 0.13942307692307693
0 0.5 0.7632211538461539 0.18028846153846154 0.14423076923076922