0 0.9158653846153846 0.0889423076923077 0.16826923076923078 0.11057692307692307
0 0.7079326923076923 0.09975961538461539 0.1778846153846154 0.14423076923076922
0 0.5408653846153846 0.10817307692307693 0.19230769230769232 0.1346153846153846
0 0.390625 0.22956730769230768 0.1778846153846154 0.12980769230769232
0 0.20552884615384615 0.056490384615384616 0.19230769230769232 0.10096153846153846
0 0.1875 0.18629807692307693 0.1778846153846154 0.1346153846153846
0 0.1622596153846154 0.38341346153846156 0.17307692307692307 0.13701923076923078
0 0.3269230769230769 0.5552884615384616 0.21394230769230768 0.14423076923076922
0 0.6153846153846154 0.6622596153846154 0.22596153846153846 0.125
0 0.49158653846153844 0.44350961538461536 0.20673076923076922 0.14903846153846154
0 0.6706730769230769 0.3858173076923077 0.20673076923076922 0.1346153846153846
0 0.7139423076923077 0.2548076923076923 0.19230769230769232 0.1201923076923077
0 0.3581730769230769 0.6971153846153846 0.22115384615384615 0.13942307692307693
0 0.45913461538461536 0.8509615384615384 0.21394230769230768 0.125
0 0.12980769230769232 0.6490384615384616 0.19230769230769232 0.1346153846153846
0 0.6478365384615384 0.8016826923076923 0.20673076923076922 0.14423076923076922
0 0.8329326923076923 0.8377403846153846 0.20673076923076922 0.11298076923076923
0 0.7884615384615384 0.5817307692307693 0.27163461538461536 0.14903846153846154
0 0.8473557692307693 0.46274038461538464 0.21394230769230768 0.12980769230769232