0 0.12620192307692307 0.5588942307692307 0.18269230769230768 0.27163461538461536
0 0.10216346153846154 0.25721153846153844 0.16346153846153846 0.2548076923076923
0 0.2536057692307692 0.3954326923076923 0.16826923076923078 0.27163461538461536
0 0.4026442307692308 0.13221153846153846 0.19230769230769232 0.23076923076923078
0 0.390625 0.41466346153846156 0.13942307692307693 0.2764423076923077
0 0.2644230769230769 0.6778846153846154 0.17548076923076922 0.3173076923076923
0 0.18269230769230768 0.8846153846153846 0.18990384615384615 0.22115384615384615
0 0.3641826923076923 0.8978365384615384 0.17307692307692307 0.19230769230769232
0 0.4230769230769231 0.6838942307692307 0.16346153846153846 0.25
0 0.5865384615384616 0.6105769230769231 0.17307692307692307 0.27163461538461536
0 0.6394230769230769 0.7596153846153846 0.1778846153846154 0.2548076923076923
0 0.5372596153846154 0.36778846153846156 0.17307692307692307 0.30528846153846156
0 0.7043269230769231 0.36177884615384615 0.16826923076923078 0.3269230769230769
0 0.5901442307692307 0.11899038461538461 0.15865384615384615 0.21634615384615385
0 0.7908653846153846 0.13221153846153846 0.21634615384615385 0.23076923076923078
0 0.875 0.3894230769230769 0.15865384615384615 0.25
0 0.8894230769230769 0.6418269230769231 0.1875 0.2980769230769231
0 0.7620192307692307 0.6502403846153846 0.14423076923076922 0.2932692307692308