0 0.6538461538461539 0.7740384615384616 0.2644230769230769 0.38461538461538464
0 0.4182692307692308 0.5925480769230769 0.20673076923076922 0.33653846153846156
0 0.21514423076923078 0.71875 0.23076923076923078 0.28365384615384615
0 0.43028846153846156 0.8413461538461539 0.21634615384615385 0.25961538461538464
0 0.8485576923076923 0.8882211538461539 0.19230769230769232 0.20432692307692307
0 0.5697115384615384 0.15144230769230768 0.2403846153846154 0.2932692307692308
0 0.7608173076923077 0.265625 0.23076923076923078 0.32211538461538464
0 0.8882211538461539 0.5901442307692307 0.21634615384615385 0.40384615384615385
0 0.31850961538461536 0.3088942307692308 0.22355769230769232 0.3076923076923077
0 0.5661057692307693 0.41346153846153844 0.20673076923076922 0.21875
0 0.18870192307692307 0.45552884615384615 0.23557692307692307 0.28365384615384615
0 0.14783653846153846 0.12980769230769232 0.21634615384615385 0.2403846153846154