0 0.2127403846153846 0.8942307692307693 0.3245192307692308 0.21153846153846154
0 0.2608173076923077 0.6466346153846154 0.27403846153846156 0.23557692307692307
0 0.5048076923076923 0.8341346153846154 0.27884615384615385 0.2620192307692308
0 0.6526442307692307 0.6538461538461539 0.2932692307692308 0.22115384615384615
0 0.4170673076923077 0.5228365384615384 0.25721153846153844 0.2283653846153846
0 0.14182692307692307 0.35336538461538464 0.2644230769230769 0.25
0 0.7704326923076923 0.9230769230769231 0.24278846153846154 0.15384615384615385
0 0.9170673076923077 0.8125 0.14423076923076922 0.1875
0 0.7704326923076923 0.4495192307692308 0.27403846153846156 0.20432692307692307
0 0.5492788461538461 0.2824519230769231 0.22115384615384615 0.15384615384615385
0 0.4230769230769231 0.16466346153846154 0.20673076923076922 0.1346153846153846
0 0.7884615384615384 0.171875 0.24759615384615385 0.17307692307692307
0 0.6550480769230769 0.13701923076923078 0.21634615384615385 0.1658653846153846
0 0.15504807692307693 0.1201923076923077 0.22596153846153846 0.15384615384615385