0 0.7596153846153846 0.22115384615384615 0.2283653846153846 0.3125
0 0.53125 0.5276442307692307 0.23557692307692307 0.3557692307692308
0 0.46153846153846156 0.2127403846153846 0.20673076923076922 0.3173076923076923
0 0.2536057692307692 0.27283653846153844 0.22596153846153846 0.35096153846153844
0 0.3004807692307692 0.6334134615384616 0.20192307692307693 0.3605769230769231
0 0.07451923076923077 0.21634615384615385 0.14182692307692307 0.3004807692307692
0 0.11057692307692307 0.5733173076923077 0.16346153846153846 0.30528846153846156
0 0.07572115384615384 0.7163461538461539 0.14423076923076922 0.3076923076923077
0 0.36177884615384615 0.8629807692307693 0.2403846153846154 0.25
0 0.7560096153846154 0.6826923076923077 0.2283653846153846 0.2956730769230769
0 0.8365384615384616 0.453125 0.15384615384615385 0.3173076923076923
0 0.9146634615384616 0.8581730769230769 0.14903846153846154 0.27403846153846156
0 0.7355769230769231 0.8990384615384616 0.1875 0.19230769230769232