0 0.24639423076923078 0.7103365384615384 0.10096153846153846 0.15384615384615385
0 0.3485576923076923 0.7584134615384616 0.10336538461538461 0.16105769230769232
0 0.4014423076923077 0.6466346153846154 0.10576923076923077 0.13221153846153846
0 0.2932692307692308 0.609375 0.10336538461538461 0.14903846153846154
0 0.296875 0.4651442307692308 0.09134615384615384 0.14903846153846154
0 0.3894230769230769 0.5396634615384616 0.11057692307692307 0.10336538461538461
0 0.484375 0.46033653846153844 0.11538461538461539 0.11538461538461539
0 0.4987980769230769 0.5396634615384616 0.09134615384615384 0.125
0 0.5228365384615384 0.6466346153846154 0.10576923076923077 0.11057692307692307
0 0.5444711538461539 0.7932692307692307 0.10336538461538461 0.17307692307692307
0 0.5865384615384616 0.4795673076923077 0.08173076923076923 0.09615384615384616
0 0.6033653846153846 0.5865384615384616 0.11057692307692307 0.09134615384615384
0 0.6117788461538461 0.7211538461538461 0.11538461538461539 0.15384615384615385