0 0.10817307692307693 0.4110576923076923 0.21634615384615385 0.24519230769230768
0 0.1346153846153846 0.8377403846153846 0.22355769230769232 0.3125
0 0.2692307692307692 0.5817307692307693 0.27403846153846156 0.33653846153846156
0 0.43509615384615385 0.8293269230769231 0.3173076923076923 0.31971153846153844
0 0.6141826923076923 0.5528846153846154 0.3173076923076923 0.34134615384615385
0 0.7728365384615384 0.8137019230769231 0.3173076923076923 0.31971153846153844
0 0.41346153846153844 0.3329326923076923 0.3557692307692308 0.34134615384615385
0 0.328125 0.1466346153846154 0.2764423076923077 0.2620192307692308
0 0.10216346153846154 0.14182692307692307 0.1971153846153846 0.2620192307692308
0 0.6141826923076923 0.14182692307692307 0.24278846153846154 0.2620192307692308
0 0.7463942307692307 0.33533653846153844 0.2644230769230769 0.2620192307692308
0 0.875 0.5528846153846154 0.23557692307692307 0.27884615384615385