0 0.328125 0.04447115384615385 0.10576923076923077 0.0673076923076923
0 0.11057692307692307 0.09735576923076923 0.14423076923076922 0.11538461538461539
0 0.2608173076923077 0.15264423076923078 0.15625 0.15144230769230768
0 0.42788461538461536 0.109375 0.11298076923076923 0.09134615384615384
0 0.5264423076923077 0.2439903846153846 0.17307692307692307 0.125
0 0.7415865384615384 0.3076923076923077 0.16105769230769232 0.13701923076923078
0 0.3329326923076923 0.359375 0.16105769230769232 0.14423076923076922
0 0.15625 0.30288461538461536 0.13942307692307693 0.08173076923076923
0 0.16947115384615385 0.4206730769230769 0.1346153846153846 0.09615384615384616
0 0.3088942307692308 0.49399038461538464 0.1778846153846154 0.15384615384615385
0 0.5432692307692307 0.44591346153846156 0.20432692307692307 0.16346153846153846
0 0.8605769230769231 0.40625 0.12980769230769232 0.11778846153846154
0 0.7475961538461539 0.5384615384615384 0.17307692307692307 0.125
0 0.6069711538461539 0.6201923076923077 0.19230769230769232 0.1346153846153846
0 0.9110576923076923 0.6454326923076923 0.14423076923076922 0.11778846153846154
0 0.7608173076923077 0.7199519230769231 0.16826923076923078 0.11057692307692307
0 0.6394230769230769 0.8545673076923077 0.18269230769230768 0.13701923076923078
0 0.4951923076923077 0.9266826923076923 0.11778846153846154 0.0889423076923077
0 0.35697115384615385 0.6622596153846154 0.23076923076923078 0.1658653846153846
0 0.44350961538461536 0.8040865384615384 0.1346153846153846 0.10336538461538461
0 0.3112980769230769 0.8858173076923077 0.12980769230769232 0.11057692307692307
0 0.16105769230769232 0.6009615384615384 0.08653846153846154 0.08173076923076923
0 0.1346153846153846 0.7379807692307693 0.09615384615384616 0.10336538461538461