0 0.13942307692307693 0.7872596153846154 0.22115384615384615 0.12740384615384615
0 0.375 0.7668269230769231 0.20192307692307693 0.1201923076923077
0 0.5709134615384616 0.7848557692307693 0.1778846153846154 0.12980769230769232
0 0.6310096153846154 0.7067307692307693 0.23798076923076922 0.1346153846153846
0 0.4639423076923077 0.6694711538461539 0.16826923076923078 0.13942307692307693
0 0.27403846153846156 0.6322115384615384 0.20192307692307693 0.13701923076923078
0 0.7800480769230769 0.8737980769230769 0.15384615384615385 0.11298076923076923
0 0.8665865384615384 0.921875 0.16105769230769232 0.10336538461538461
0 0.8389423076923077 0.8088942307692307 0.1778846153846154 0.10336538461538461
0 0.5925480769230769 0.5252403846153846 0.22115384615384615 0.11057692307692307
0 0.5384615384615384 0.41346153846153844 0.1971153846153846 0.125
0 0.23798076923076922 0.4879807692307692 0.22596153846153846 0.12980769230769232
0 0.07692307692307693 0.46153846153846156 0.14423076923076922 0.11538461538461539
0 0.22956730769230768 0.3798076923076923 0.23076923076923078 0.125
0 0.07692307692307693 0.33653846153846156 0.14423076923076922 0.1201923076923077
0 0.6790865384615384 0.15504807692307693 0.1778846153846154 0.10336538461538461
0 0.5264423076923077 0.11298076923076923 0.16105769230769232 0.10096153846153846