0 0.08413461538461539 0.9110576923076923 0.16826923076923078 0.11057692307692307
0 0.2920673076923077 0.9002403846153846 0.1778846153846154 0.14423076923076922
0 0.45913461538461536 0.8918269230769231 0.19230769230769232 0.1346153846153846
0 0.609375 0.7704326923076923 0.1778846153846154 0.12980769230769232
0 0.7944711538461539 0.9435096153846154 0.19230769230769232 0.10096153846153846
0 0.8125 0.8137019230769231 0.1778846153846154 0.1346153846153846
0 0.8377403846153846 0.6165865384615384 0.17307692307692307 0.13701923076923078
0 0.6730769230769231 0.44471153846153844 0.21394230769230768 0.14423076923076922
0 0.38461538461538464 0.33774038461538464 0.22596153846153846 0.125
0 0.5084134615384616 0.5564903846153846 0.20673076923076922 0.14903846153846154
0 0.3293269230769231 0.6141826923076923 0.20673076923076922 0.1346153846153846
0 0.2860576923076923 0.7451923076923077 0.19230769230769232 0.1201923076923077
0 0.6418269230769231 0.30288461538461536 0.22115384615384615 0.13942307692307693
0 0.5408653846153846 0.14903846153846154 0.21394230769230768 0.125
0 0.8701923076923077 0.35096153846153844 0.19230769230769232 0.1346153846153846
0 0.35216346153846156 0.19831730769230768 0.20673076923076922 0.14423076923076922
0 0.16706730769230768 0.1622596153846154 0.20673076923076922 0.11298076923076923
0 0.21153846153846154 0.4182692307692308 0.27163461538461536 0.14903846153846154
0 0.15264423076923078 0.5372596153846154 0.21394230769230768 0.12980769230769232