0 0.515625 0.07692307692307693 0.16346153846153846 0.12259615384615384
0 0.5588942307692307 0.17908653846153846 0.14903846153846154 0.09615384615384616
0 0.39903846153846156 0.1658653846153846 0.14903846153846154 0.1466346153846154
0 0.2860576923076923 0.07692307692307693 0.19230769230769232 0.1466346153846154
0 0.21153846153846154 0.21394230769230768 0.20673076923076922 0.1658653846153846
0 0.17307692307692307 0.3713942307692308 0.24278846153846154 0.18028846153846154
0 0.5180288461538461 0.3389423076923077 0.19230769230769232 0.18509615384615385
0 0.6826923076923077 0.4483173076923077 0.22115384615384615 0.21153846153846154
0 0.5564903846153846 0.6322115384615384 0.21634615384615385 0.20432692307692307
0 0.7319711538461539 0.6286057692307693 0.16346153846153846 0.1658653846153846
0 0.8040865384615384 0.4483173076923077 0.16346153846153846 0.14182692307692307
0 0.21153846153846154 0.5637019230769231 0.15384615384615385 0.18028846153846154
0 0.07211538461538461 0.46875 0.125 0.21634615384615385
0 0.38461538461538464 0.7956730769230769 0.18028846153846154 0.16826923076923078
0 0.21875 0.7403846153846154 0.20192307692307693 0.20432692307692307
0 0.08533653846153846 0.6826923076923077 0.12980769230769232 0.17307692307692307
0 0.36538461538461536 0.9302884615384616 0.23557692307692307 0.13221153846153846
0 0.1778846153846154 0.9206730769230769 0.17067307692307693 0.15144230769230768