0 0.22956730769230768 0.0733173076923077 0.38461538461538464 0.14182692307692307
0 0.53125 0.32211538461538464 0.3581730769230769 0.14903846153846154
0 0.5625 0.453125 0.3581730769230769 0.1875
0 0.6262019230769231 0.6322115384615384 0.3701923076923077 0.19471153846153846
0 0.21394230769230768 0.44711538461538464 0.34134615384615385 0.15865384615384615
0 0.23317307692307693 0.5961538461538461 0.41346153846153844 0.19230769230769232
0 0.13581730769230768 0.7463942307692307 0.25961538461538464 0.17307692307692307
0 0.40865384615384615 0.78125 0.35096153846153844 0.1778846153846154
0 0.36778846153846156 0.8894230769230769 0.3317307692307692 0.17067307692307693
0 0.7992788461538461 0.46274038461538464 0.28846153846153844 0.18269230769230768
0 0.9122596153846154 0.6442307692307693 0.15144230769230768 0.18269230769230768