0 0.20552884615384615 0.7319711538461539 0.20673076923076922 0.2620192307692308
0 0.4182692307692308 0.7295673076923077 0.20192307692307693 0.18028846153846154
0 0.6141826923076923 0.8774038461538461 0.21153846153846154 0.23557692307692307
0 0.7331730769230769 0.7872596153846154 0.19951923076923078 0.2403846153846154
0 0.8605769230769231 0.6862980769230769 0.20673076923076922 0.23557692307692307
0 0.4855769230769231 0.6442307692307693 0.17067307692307693 0.1875
0 0.2980769230769231 0.4699519230769231 0.13942307692307693 0.14182692307692307
0 0.5889423076923077 0.3329326923076923 0.15384615384615385 0.23076923076923078
0 0.5877403846153846 0.5132211538461539 0.19230769230769232 0.17307692307692307
0 0.9194711538461539 0.5360576923076923 0.13942307692307693 0.16346153846153846
0 0.7632211538461539 0.5 0.14423076923076922 0.18028846153846154