0 0.38221153846153844 0.25721153846153844 0.1875 0.3269230769230769
0 0.23076923076923078 0.32572115384615385 0.15625 0.34375
0 0.10336538461538461 0.12259615384615384 0.16826923076923078 0.24519230769230768
0 0.056490384615384616 0.3629807692307692 0.10576923076923077 0.28846153846153844
0 0.1346153846153846 0.6225961538461539 0.14423076923076922 0.2956730769230769
0 0.2668269230769231 0.8221153846153846 0.16346153846153846 0.25721153846153844
0 0.10336538461538461 0.8713942307692307 0.16346153846153846 0.24519230769230768
0 0.36177884615384615 0.5492788461538461 0.1778846153846154 0.3004807692307692
0 0.47596153846153844 0.6935096153846154 0.12980769230769232 0.2956730769230769
0 0.4266826923076923 0.9098557692307693 0.1346153846153846 0.16826923076923078
0 0.49759615384615385 0.40384615384615385 0.15384615384615385 0.28365384615384615
0 0.5805288461538461 0.21033653846153846 0.16346153846153846 0.34375
0 0.6286057692307693 0.45072115384615385 0.17307692307692307 0.24519230769230768
0 0.6310096153846154 0.7127403846153846 0.14182692307692307 0.27884615384615385
0 0.7548076923076923 0.6911057692307693 0.16346153846153846 0.27884615384615385
0 0.7668269230769231 0.37740384615384615 0.14423076923076922 0.2956730769230769
0 0.7259615384615384 0.13341346153846154 0.15625 0.23557692307692307
0 0.8725961538461539 0.24639423076923078 0.15384615384615385 0.3076923076923077
0 0.8713942307692307 0.5661057692307693 0.1346153846153846 0.2692307692307692
0 0.9050480769230769 0.8112980769230769 0.125 0.21153846153846154
0 0.8197115384615384 0.9074519230769231 0.12740384615384615 0.17548076923076922