0 0.3605769230769231 0.8245192307692307 0.2980769230769231 0.23557692307692307
0 0.7632211538461539 0.7956730769230769 0.3798076923076923 0.2860576923076923
0 0.3737980769230769 0.5372596153846154 0.31490384615384615 0.2403846153846154
0 0.23197115384615385 0.6742788461538461 0.27884615384615385 0.24278846153846154
0 0.10336538461538461 0.8509615384615384 0.20673076923076922 0.2283653846153846
0 0.15745192307692307 0.38461538461538464 0.30288461538461536 0.2668269230769231
0 0.7067307692307693 0.515625 0.34134615384615385 0.25961538461538464
0 0.7115384615384616 0.23197115384615385 0.34134615384615385 0.27884615384615385
0 0.3737980769230769 0.20432692307692307 0.33653846153846156 0.2692307692307692
0 0.5336538461538461 0.34975961538461536 0.25240384615384615 0.22115384615384615
0 0.5288461538461539 0.6778846153846154 0.23076923076923078 0.18269230769230768