0 0.25 0.28725961538461536 0.0625 0.15865384615384615
0 0.3269230769230769 0.4098557692307692 0.09134615384615384 0.23076923076923078
0 0.390625 0.4639423076923077 0.11298076923076923 0.2644230769230769
0 0.3125 0.6694711538461539 0.11057692307692307 0.23076923076923078
0 0.3641826923076923 0.8665865384615384 0.07692307692307693 0.18028846153846154
0 0.5216346153846154 0.6009615384615384 0.10576923076923077 0.2644230769230769
0 0.6177884615384616 0.6442307692307693 0.10096153846153846 0.2932692307692308
0 0.6466346153846154 0.37740384615384615 0.11057692307692307 0.2644230769230769
0 0.5084134615384616 0.3701923076923077 0.11538461538461539 0.25
0 0.5444711538461539 0.14783653846153846 0.10576923076923077 0.18028846153846154
1 0.4651442307692308 0.8341346153846154 0.1201923076923077 0.3173076923076923
1 0.3329326923076923 0.15865384615384615 0.09615384615384616 0.21634615384615385