0 0.12139423076923077 0.1935096153846154 0.1971153846153846 0.21153846153846154
0 0.13942307692307693 0.3786057692307692 0.20192307692307693 0.28365384615384615
0 0.25240384615384615 0.5901442307692307 0.20432692307692307 0.23076923076923078
0 0.09254807692307693 0.7091346153846154 0.16826923076923078 0.24278846153846154
0 0.44591346153846156 0.6850961538461539 0.2283653846153846 0.2692307692307692
0 0.2644230769230769 0.8245192307692307 0.2283653846153846 0.25721153846153844
0 0.41947115384615385 0.9278846153846154 0.2283653846153846 0.11298076923076923
0 0.7680288461538461 0.7836538461538461 0.2403846153846154 0.2692307692307692
0 0.6298076923076923 0.7247596153846154 0.21634615384615385 0.2644230769230769
0 0.6814903846153846 0.49278846153846156 0.25961538461538464 0.31490384615384615
0 0.9074519230769231 0.49759615384615385 0.1778846153846154 0.19230769230769232
0 0.9146634615384616 0.27283653846153844 0.16346153846153846 0.22596153846153846
0 0.6466346153846154 0.1935096153846154 0.1971153846153846 0.19230769230769232
0 0.3629807692307692 0.3942307692307692 0.15384615384615385 0.2644230769230769
0 0.48677884615384615 0.296875 0.19230769230769232 0.24278846153846154
0 0.3954326923076923 0.16706730769230768 0.17307692307692307 0.22115384615384615
0 0.49399038461538464 0.09014423076923077 0.16826923076923078 0.18028846153846154
0 0.24278846153846154 0.07211538461538461 0.16826923076923078 0.14423076923076922
0 0.859375 0.09254807692307693 0.20432692307692307 0.18509615384615385