0 0.13581730769230768 0.5384615384615384 0.17067307692307693 0.23557692307692307
0 0.24759615384615385 0.35216346153846156 0.13942307692307693 0.21153846153846154
0 0.32211538461538464 0.4723557692307692 0.19951923076923078 0.22355769230769232
0 0.40384615384615385 0.5733173076923077 0.16826923076923078 0.23076923076923078
0 0.2439903846153846 0.7271634615384616 0.18269230769230768 0.23076923076923078
0 0.40384615384615385 0.78125 0.20192307692307693 0.23076923076923078
0 0.6057692307692307 0.6418269230769231 0.19230769230769232 0.24519230769230768
0 0.5985576923076923 0.8173076923076923 0.1778846153846154 0.14903846153846154
0 0.5637019230769231 0.4375 0.15384615384615385 0.1971153846153846
0 0.4110576923076923 0.28365384615384615 0.15865384615384615 0.23076923076923078
0 0.6057692307692307 0.20432692307692307 0.1778846153846154 0.22355769230769232
0 0.8221153846153846 0.33052884615384615 0.17307692307692307 0.20192307692307693
0 0.7091346153846154 0.4891826923076923 0.17307692307692307 0.19230769230769232
0 0.875 0.5240384615384616 0.14903846153846154 0.16346153846153846
0 0.8161057692307693 0.65625 0.18509615384615385 0.20673076923076922