0 0.3629807692307692 0.2548076923076923 0.07692307692307693 0.1201923076923077
0 0.39903846153846156 0.3918269230769231 0.10576923076923077 0.14423076923076922
0 0.30288461538461536 0.3449519230769231 0.09615384615384616 0.14423076923076922
0 0.36538461538461536 0.5721153846153846 0.10576923076923077 0.15384615384615385
0 0.5576923076923077 0.24759615384615385 0.11057692307692307 0.14423076923076922
0 0.6538461538461539 0.3557692307692308 0.10576923076923077 0.15384615384615385
0 0.5661057692307693 0.5697115384615384 0.11057692307692307 0.15865384615384615
0 0.7139423076923077 0.5901442307692307 0.11538461538461539 0.17067307692307693
0 0.6177884615384616 0.6850961538461539 0.12980769230769232 0.17548076923076922
0 0.40384615384615385 0.8329326923076923 0.11057692307692307 0.13942307692307693
0 0.9134615384615384 0.35096153846153844 0.09615384615384616 0.14423076923076922