0 0.43509615384615385 0.21153846153846154 0.15865384615384615 0.21634615384615385
0 0.5024038461538461 0.10216346153846154 0.15144230769230768 0.16826923076923078
0 0.5625 0.23076923076923078 0.08413461538461539 0.1346153846153846
0 0.375 0.06490384615384616 0.15384615384615385 0.12980769230769232
0 0.41346153846153844 0.4639423076923077 0.16826923076923078 0.18269230769230768
0 0.3269230769230769 0.6334134615384616 0.13942307692307693 0.22596153846153846
0 0.35096153846153844 0.8449519230769231 0.1875 0.23076923076923078
0 0.45552884615384615 0.7019230769230769 0.1201923076923077 0.1346153846153846
0 0.5661057692307693 0.5757211538461539 0.12980769230769232 0.13942307692307693
0 0.546875 0.6983173076923077 0.0889423076923077 0.10576923076923077
0 0.5396634615384616 0.8221153846153846 0.11057692307692307 0.14182692307692307
0 0.6225961538461539 0.7848557692307693 0.0625 0.10096153846153846
0 0.5661057692307693 0.9375 0.09375 0.09615384615384616