0 0.3137019230769231 0.8161057692307693 0.3557692307692308 0.21634615384615385
0 0.6526442307692307 0.9230769230769231 0.3004807692307692 0.1466346153846154
0 0.6286057692307693 0.7271634615384616 0.3173076923076923 0.20192307692307693
0 0.9074519230769231 0.875 0.17307692307692307 0.23557692307692307
0 0.9014423076923077 0.6310096153846154 0.1875 0.2283653846153846
0 0.9098557692307693 0.3894230769230769 0.16826923076923078 0.23317307692307693
0 0.9230769230769231 0.15504807692307693 0.14182692307692307 0.20673076923076922
0 0.6502403846153846 0.5036057692307693 0.2956730769230769 0.21634615384615385
0 0.33653846153846156 0.3942307692307692 0.2692307692307692 0.22115384615384615
0 0.10096153846153846 0.5024038461538461 0.19230769230769232 0.21153846153846154
0 0.09615384615384616 0.2692307692307692 0.16826923076923078 0.22596153846153846
0 0.33653846153846156 0.17427884615384615 0.34375 0.22596153846153846
0 0.6826923076923077 0.10576923076923077 0.28365384615384615 0.18269230769230768
0 0.09014423076923077 0.9230769230769231 0.18028846153846154 0.15384615384615385
0 0.1141826923076923 0.08173076923076923 0.2283653846153846 0.13942307692307693
1 0.3581730769230769 0.6021634615384616 0.3557692307692308 0.23076923076923078
1 0.6935096153846154 0.28725961538461536 0.3605769230769231 0.21153846153846154