0 0.8076923076923077 0.25961538461538464 0.3701923076923077 0.16105769230769232
0 0.6514423076923077 0.046875 0.4423076923076923 0.09375
0 0.45913461538461536 0.19230769230769232 0.40625 0.16346153846153846
0 0.3870192307692308 0.359375 0.42788461538461536 0.14423076923076922
0 0.1502403846153846 0.19110576923076922 0.2860576923076923 0.1201923076923077
0 0.4098557692307692 0.6382211538461539 0.35336538461538464 0.17067307692307693
0 0.23677884615384615 0.4951923076923077 0.4423076923076923 0.1778846153846154
0 0.7259615384615384 0.39783653846153844 0.3701923076923077 0.15384615384615385
0 0.6358173076923077 0.5084134615384616 0.38461538461538464 0.125
0 0.7439903846153846 0.6117788461538461 0.3317307692307692 0.1346153846153846
0 0.8389423076923077 0.7391826923076923 0.3076923076923077 0.17548076923076922
0 0.45913461538461536 0.8004807692307693 0.3894230769230769 0.15384615384615385
0 0.16105769230769232 0.7896634615384616 0.27884615384615385 0.16346153846153846
0 0.6538461538461539 0.9495192307692307 0.46634615384615385 0.09615384615384616
0 0.2824519230769231 0.9182692307692307 0.41346153846153844 0.13221153846153846