0 0.15745192307692307 0.12259615384615384 0.16826923076923078 0.24519230769230768
0 0.3545673076923077 0.16346153846153846 0.17548076923076922 0.25
0 0.5348557692307693 0.16826923076923078 0.12740384615384615 0.2283653846153846
0 0.7115384615384616 0.15745192307692307 0.13942307692307693 0.25
0 0.8846153846153846 0.17067307692307693 0.14903846153846154 0.20192307692307693
0 0.109375 0.48677884615384615 0.14423076923076922 0.2548076923076923
0 0.31009615384615385 0.4807692307692308 0.16826923076923078 0.2548076923076923
0 0.5144230769230769 0.4807692307692308 0.16105769230769232 0.24519230769230768
0 0.7151442307692307 0.4723557692307692 0.17548076923076922 0.2932692307692308
0 0.9038461538461539 0.5060096153846154 0.15865384615384615 0.2283653846153846
0 0.14783653846153846 0.8209134615384616 0.16346153846153846 0.2403846153846154
0 0.33774038461538464 0.8473557692307693 0.1346153846153846 0.1971153846153846
0 0.5168269230769231 0.8257211538461539 0.14903846153846154 0.2283653846153846
0 0.7115384615384616 0.8473557692307693 0.13942307692307693 0.18509615384615385
0 0.8990384615384616 0.8341346153846154 0.14182692307692307 0.21153846153846154