0 0.8064903846153846 0.12139423076923077 0.21153846153846154 0.1971153846153846
0 0.6213942307692307 0.13942307692307693 0.28365384615384615 0.20192307692307693
0 0.4098557692307692 0.25240384615384615 0.23076923076923078 0.20432692307692307
0 0.29086538461538464 0.09254807692307693 0.24278846153846154 0.16826923076923078
0 0.31490384615384615 0.44591346153846156 0.2692307692307692 0.2283653846153846
0 0.17548076923076922 0.2644230769230769 0.25721153846153844 0.2283653846153846
0 0.07211538461538461 0.41947115384615385 0.11298076923076923 0.2283653846153846
0 0.21634615384615385 0.7680288461538461 0.2692307692307692 0.2403846153846154
0 0.27524038461538464 0.6298076923076923 0.2644230769230769 0.21634615384615385
0 0.5072115384615384 0.6814903846153846 0.31490384615384615 0.25961538461538464
0 0.5024038461538461 0.9074519230769231 0.19230769230769232 0.1778846153846154
0 0.7271634615384616 0.9146634615384616 0.22596153846153846 0.16346153846153846
0 0.8064903846153846 0.6466346153846154 0.19230769230769232 0.1971153846153846
0 0.6057692307692307 0.3629807692307692 0.2644230769230769 0.15384615384615385
0 0.703125 0.48677884615384615 0.24278846153846154 0.19230769230769232
0 0.8329326923076923 0.3954326923076923 0.22115384615384615 0.17307692307692307
0 0.9098557692307693 0.49399038461538464 0.18028846153846154 0.16826923076923078
0 0.9278846153846154 0.24278846153846154 0.14423076923076922 0.16826923076923078
0 0.9074519230769231 0.859375 0.18509615384615385 0.20432692307692307