0 0.25721153846153844 0.6177884615384616 0.3269230769230769 0.1875
0 0.32572115384615385 0.7692307692307693 0.34375 0.15625
0 0.12259615384615384 0.8966346153846154 0.24519230769230768 0.16826923076923078
0 0.3629807692307692 0.9435096153846154 0.28846153846153844 0.10576923076923077
0 0.6225961538461539 0.8653846153846154 0.2956730769230769 0.14423076923076922
0 0.8221153846153846 0.7331730769230769 0.25721153846153844 0.16346153846153846
0 0.8713942307692307 0.8966346153846154 0.24519230769230768 0.16346153846153846
0 0.5492788461538461 0.6382211538461539 0.3004807692307692 0.1778846153846154
0 0.6935096153846154 0.5240384615384616 0.2956730769230769 0.12980769230769232
0 0.9098557692307693 0.5733173076923077 0.16826923076923078 0.1346153846153846
0 0.40384615384615385 0.5024038461538461 0.28365384615384615 0.15384615384615385
0 0.21033653846153846 0.41947115384615385 0.34375 0.16346153846153846
0 0.45072115384615385 0.3713942307692308 0.24519230769230768 0.17307692307692307
0 0.7127403846153846 0.36899038461538464 0.27884615384615385 0.14182692307692307
0 0.6911057692307693 0.24519230769230768 0.27884615384615385 0.16346153846153846
0 0.37740384615384615 0.23317307692307693 0.2956730769230769 0.14423076923076922
0 0.13341346153846154 0.27403846153846156 0.23557692307692307 0.15625
0 0.24639423076923078 0.12740384615384615 0.3076923076923077 0.15384615384615385
0 0.5661057692307693 0.12860576923076922 0.2692307692307692 0.1346153846153846
0 0.8112980769230769 0.09495192307692307 0.21153846153846154 0.125
0 0.9074519230769231 0.18028846153846154 0.17307692307692307 0.12740384615384615