0 0.4266826923076923 0.4567307692307692 0.11057692307692307 0.13942307692307693
0 0.5288461538461539 0.45072115384615385 0.08653846153846154 0.14903846153846154
0 0.6081730769230769 0.48197115384615385 0.0889423076923077 0.1201923076923077
0 0.671875 0.8088942307692307 0.13942307692307693 0.16346153846153846
0 0.7776442307692307 0.7788461538461539 0.1201923076923077 0.15384615384615385
0 0.8245192307692307 0.9122596153846154 0.12740384615384615 0.1346153846153846
0 0.6911057692307693 0.14182692307692307 0.10096153846153846 0.13942307692307693
0 0.7379807692307693 0.22716346153846154 0.10096153846153846 0.14423076923076922
0 0.8569711538461539 0.4206730769230769 0.12980769230769232 0.14903846153846154
0 0.32572115384615385 0.2247596153846154 0.10576923076923077 0.13942307692307693
0 0.4266826923076923 0.10817307692307693 0.10576923076923077 0.11298076923076923