0 0.18389423076923078 0.3137019230769231 0.21634615384615385 0.3557692307692308
0 0.07692307692307693 0.6526442307692307 0.14423076923076922 0.3004807692307692
0 0.27283653846153844 0.6286057692307693 0.20192307692307693 0.3173076923076923
0 0.125 0.9074519230769231 0.23557692307692307 0.17307692307692307
0 0.36899038461538464 0.9014423076923077 0.23076923076923078 0.1875
0 0.6105769230769231 0.9098557692307693 0.23317307692307693 0.16826923076923078
0 0.8449519230769231 0.9230769230769231 0.20673076923076922 0.14182692307692307
0 0.4963942307692308 0.6502403846153846 0.21634615384615385 0.2956730769230769
0 0.6057692307692307 0.33653846153846156 0.22115384615384615 0.2692307692307692
0 0.49759615384615385 0.10096153846153846 0.21153846153846154 0.19230769230769232
0 0.7307692307692307 0.09615384615384616 0.22596153846153846 0.16826923076923078
0 0.8257211538461539 0.33653846153846156 0.22596153846153846 0.34375
0 0.8942307692307693 0.6826923076923077 0.18269230769230768 0.28365384615384615
0 0.07692307692307693 0.09014423076923077 0.15384615384615385 0.18028846153846154
0 0.9182692307692307 0.1141826923076923 0.13942307692307693 0.2283653846153846
1 0.39783653846153844 0.3581730769230769 0.23076923076923078 0.3557692307692308
1 0.7127403846153846 0.6935096153846154 0.21153846153846154 0.3605769230769231