0 0.5637019230769231 0.8641826923076923 0.25 0.21153846153846154
0 0.8173076923076923 0.8689903846153846 0.20673076923076922 0.1875
0 0.7487980769230769 0.6802884615384616 0.25 0.21153846153846154
0 0.3942307692307692 0.6430288461538461 0.25961538461538464 0.21634615384615385
0 0.21634615384615385 0.9206730769230769 0.3173076923076923 0.15865384615384615
0 0.23798076923076922 0.7199519230769231 0.3076923076923077 0.20673076923076922
0 0.8064903846153846 0.3858173076923077 0.20673076923076922 0.22115384615384615
0 0.6850961538461539 0.10576923076923077 0.25 0.20192307692307693
0 0.4206730769230769 0.1971153846153846 0.25 0.21394230769230768
0 0.16947115384615385 0.14302884615384615 0.22115384615384615 0.1875
0 0.19591346153846154 0.3293269230769231 0.2548076923076923 0.19951923076923078
0 0.140625 0.5096153846153846 0.25 0.23076923076923078
1 0.3545673076923077 0.4206730769230769 0.2644230769230769 0.20192307692307693