0 0.48197115384615385 0.734375 0.3942307692307692 0.20192307692307693
0 0.8209134615384616 0.6754807692307693 0.22115384615384615 0.23076923076923078
0 0.7716346153846154 0.8942307692307693 0.28365384615384615 0.16826923076923078
0 0.16706730769230768 0.8665865384615384 0.1971153846153846 0.15144230769230768
0 0.18269230769230768 0.6730769230769231 0.2283653846153846 0.18990384615384615
0 0.16706730769230768 0.38221153846153844 0.24519230769230768 0.20673076923076922
0 0.17908653846153846 0.5252403846153846 0.18509615384615385 0.15144230769230768
0 0.39783653846153844 0.1658653846153846 0.4519230769230769 0.2668269230769231
0 0.6754807692307693 0.34615384615384615 0.3389423076923077 0.1971153846153846
0 0.796875 0.16346153846153846 0.25961538461538464 0.1875
0 0.8605769230769231 0.42908653846153844 0.11778846153846154 0.18990384615384615
1 0.515625 0.4855769230769231 0.5240384615384616 0.2764423076923077