0 0.4362980769230769 0.13581730769230768 0.25 0.21153846153846154
0 0.18269230769230768 0.1310096153846154 0.20673076923076922 0.1875
0 0.2512019230769231 0.31971153846153844 0.25 0.21153846153846154
0 0.6057692307692307 0.35697115384615385 0.25961538461538464 0.21634615384615385
0 0.7836538461538461 0.07932692307692307 0.3173076923076923 0.15865384615384615
0 0.7620192307692307 0.2800480769230769 0.3076923076923077 0.20673076923076922
0 0.1935096153846154 0.6141826923076923 0.20673076923076922 0.22115384615384615
0 0.31490384615384615 0.8942307692307693 0.25 0.20432692307692307
0 0.5793269230769231 0.8028846153846154 0.25 0.21394230769230768
0 0.8305288461538461 0.8569711538461539 0.22115384615384615 0.1875
0 0.8040865384615384 0.6706730769230769 0.2548076923076923 0.19951923076923078
0 0.859375 0.49038461538461536 0.25 0.23076923076923078
1 0.6454326923076923 0.5793269230769231 0.2644230769230769 0.20192307692307693