0 0.265625 0.48197115384615385 0.20192307692307693 0.3942307692307692
0 0.3245192307692308 0.8209134615384616 0.23076923076923078 0.22115384615384615
0 0.10576923076923077 0.7716346153846154 0.16826923076923078 0.28365384615384615
0 0.13341346153846154 0.16706730769230768 0.15144230769230768 0.1971153846153846
0 0.3269230769230769 0.18269230769230768 0.18990384615384615 0.2283653846153846
0 0.6177884615384616 0.16706730769230768 0.20673076923076922 0.24519230769230768
0 0.47475961538461536 0.17908653846153846 0.15144230769230768 0.18509615384615385
0 0.8341346153846154 0.39783653846153844 0.2668269230769231 0.4519230769230769
0 0.6538461538461539 0.6754807692307693 0.1971153846153846 0.3389423076923077
0 0.8365384615384616 0.796875 0.1875 0.25961538461538464
0 0.5709134615384616 0.8605769230769231 0.18990384615384615 0.11778846153846154
1 0.5144230769230769 0.515625 0.2764423076923077 0.5240384615384616