0 0.31971153846153844 0.8245192307692307 0.25240384615384615 0.22355769230769232
0 0.5793269230769231 0.7764423076923077 0.23798076923076922 0.2403846153846154
0 0.7355769230769231 0.5877403846153846 0.24278846153846154 0.19951923076923078
0 0.7944711538461539 0.8834134615384616 0.23317307692307693 0.2091346153846154
0 0.4014423076923077 0.3581730769230769 0.22596153846153846 0.1971153846153846
0 0.22235576923076922 0.4495192307692308 0.22596153846153846 0.20432692307692307
0 0.09134615384615384 0.8040865384615384 0.17307692307692307 0.19951923076923078
0 0.08413461538461539 0.5841346153846154 0.16826923076923078 0.21634615384615385
0 0.5252403846153846 0.17548076923076922 0.27884615384615385 0.21634615384615385
0 0.7331730769230769 0.32211538461538464 0.22596153846153846 0.20432692307692307
0 0.7728365384615384 0.10576923076923077 0.2668269230769231 0.1971153846153846
0 0.21514423076923078 0.21394230769230768 0.25240384615384615 0.23557692307692307
1 0.4831730769230769 0.5697115384615384 0.25240384615384615 0.22115384615384615