0 0.6802884615384616 0.17548076923076922 0.25240384615384615 0.22355769230769232
0 0.4206730769230769 0.22355769230769232 0.23798076923076922 0.2403846153846154
0 0.2644230769230769 0.41225961538461536 0.24278846153846154 0.19951923076923078
0 0.20552884615384615 0.11658653846153846 0.23317307692307693 0.20673076923076922
0 0.5985576923076923 0.6418269230769231 0.22596153846153846 0.1971153846153846
0 0.7776442307692307 0.5504807692307693 0.22596153846153846 0.20432692307692307
0 0.9086538461538461 0.19591346153846154 0.17307692307692307 0.19951923076923078
0 0.9158653846153846 0.41586538461538464 0.16826923076923078 0.21634615384615385
0 0.47475961538461536 0.8245192307692307 0.27884615384615385 0.21634615384615385
0 0.2668269230769231 0.6778846153846154 0.22596153846153846 0.20432692307692307
0 0.22716346153846154 0.8942307692307693 0.2668269230769231 0.1971153846153846
0 0.7848557692307693 0.7860576923076923 0.25240384615384615 0.23557692307692307
1 0.5168269230769231 0.43028846153846156 0.25240384615384615 0.22115384615384615